 0 0.34227842105142853
 0.033355555555555472 0.32807289697844633
 0.066699999999999982 0.31330492991886266
 0.10004444444444438 0.29988983389509999
 0.13339999999999996 0.28685438688452902
 0.16674444444444447 0.27412547084172534
 0.20009999999999994 0.26222539084640978
 0.23345555555555553 0.25078360974542713
 0.26678888888888896 0.23972861806353754
 0.30013333333333336 0.22957638531623609
 0.33608888888888888 0.21760002920027263
 0.36928888888888878 0.20934408138324215
 0.40018888888888893 0.20078726824097665
 0.43353333333333333 0.19192238878291112
 0.46687777777777772 0.18339809201887097
 0.50023333333333331 0.17517867016795782
 0.53360000000000007 0.16794692992310598
 0.56693333333333329 0.16126596573673199
 0.60036666666666672 0.15413246037420059
 0.63362222222222231 0.14717140840466378
 0.66697777777777767 0.14055146725662682
 0.70033333333333325 0.13503295048032013
 0.73366666666666669 0.12900376031225291
 0.76702222222222227 0.12294623180111171
 0.80037777777777785 0.11763997555038329
 0.83372222222222225 0.11250871325093482
 0.86707777777777784 0.10750415150279077
 0.90041111111111105 0.10280343200568029
 0.93376666666666663 0.09917709910610574
 0.96711111111111103 0.093800277747957128


